V1	 g__Acaulium	 g__Acremonium	 g__Alternaria	 g__Amphinema	 g__Apiotrichum	 g__Ascochyta	 g__Aspergillus	 g__Aureobasidium	 g__Bullera	 g__Cercophora	 g__Cercospora	 g__Cladorrhinum	 g__Cladosporium	 g__Cosmospora	 g__Cutaneotrichosporon	 g__Devriesia	 g__Dissoconium	 g__Emericellopsis	 g__Epichloe	 g__Exophiala	 g__Filobasidium	 g__Fusariella	 g__Fusarium	 g__Golubevia	 g__Kurtzmaniella	 g__Kurtzmanomyces	 g__Leptosphaeria	 g__Malassezia	 g__Metarhizium	 g__Microcyclospora	 g__Mycenella	 g__Myrothecium	 g__Paraconiothyrium	 g__Penicillium	 g__Phoma	 g__Plectosphaerella	 g__Pochonia	 g__Pseudaleuria	 g__Pyrenophora	 g__Ramularia	 g__Rhodosporidiobolus	 g__Septoria	 g__Staphylotrichum	 g__Stemphylium	 g__Suillus	 g__Talaromyces	 g__Tomentella	 g__Trechispora	 g__Trichoderma	 g__Trichomerium	 g__Trichosporon	 g__unclassified	 g__Uwebraunia	 g__Vishniacozyma	 g__Wallemia	 g__Wojnowiciella	 g__Zasmidium
V1	1	0	0.866805511757961	0	0.866805511757961	0.862633703485736	0	0	0	0	0	0	0	0	0.866805511757961	0	0	0.866805511757961	0	0	0	0.928661194064189	0.866805511757961	0	0	0	0	0	0	0	0	0	0	0	0	0	0	0	0	0.866805511757961	0	0	0	0	0	0	0	0	0	0	0	0	0	0.866805511757961	0	0	0.866805511757961	0
 g__Acaulium	0	0	0	0	0	0	0	0	0	0	0	0	0	0	0	0	0	0	0	0	0	0	0	0	0	0	0	0	0	0	0	0	0	0	0	0	0	0	0	0	0	0	0	0	0	0	0	0	0	0	0	0	0	0	0	0	0	0
 g__Acremonium	0.866805511757961	0	1	0	1	0.99425790836995	0	0	0	0	0	0	0	0	1	0	0	1	0	0	0	0.988872757056622	1	0	0	0	0	0	0	0	0	0	0	0	0	0	0	0	0	1	0	0	0	0	0	0	0	0	0	0	0	0	0	1	0	0	1	0
 g__Alternaria	0	0	0	1	0	0	0	0	0.908125653259115	0	0	0.907819613659338	0	0	0	0	0	0	0	0	0	0	0	0.90432848850217	0	0	0	0	0.908125653259115	0	0	0	0	0	0	0	0	0	0	0	0	0	0	0	0	0	0	0	0	0	0	0	0	0	0	0	0	0
 g__Amphinema	0.866805511757961	0	1	0	1	0.99425790836995	0	0	0	0	0	0	0	0	1	0	0	1	0	0	0	0.988872757056622	1	0	0	0	0	0	0	0	0	0	0	0	0	0	0	0	0	1	0	0	0	0	0	0	0	0	0	0	0	0	0	1	0	0	1	0
 g__Apiotrichum	0.862633703485736	0	0.99425790836995	0	0.99425790836995	1	0	0	0	0	0	0	0	0	0.99425790836995	0	0	0.99425790836995	0	0	0	0.979214742888971	0.99425790836995	0	0	0	0	0	0	0	0	0	0	0	0	0	0	0	0	0.99425790836995	0	0	0	0	0	0	0	0	0	0	0	0	0	0.99425790836995	0	0	0.99425790836995	0
 g__Ascochyta	0	0	0	0	0	0	1	0	0	0	0	0	0	0	0	0	0	0	0	0.999029243603905	0.999029243603905	0	0	0	0	0	0	0	0	0	0	0	0	0	0	0	0	0	0	0	0.999029243603905	0	0	0	0	0.940746601751353	0	0	0	0	0	0	0	0	0	0	0	0
 g__Aspergillus	0	0	0	0	0	0	0	1	0	0	0	0	0	0	0	-0.848138728240258	0	0	0	0	0	0	0	0	0	0	0	0	0	0	0	0	0	0	0	0	0	0	0	0	0	0	0	0	0	0	0	0	0	0	0	0	0	0	0	0	0	0
 g__Aureobasidium	0	0	0	0.908125653259115	0	0	0	0	1	0	0	0.999996916732398	0	0	0	0	0	0	0	0	0	0	0	0.999870770045813	0	0	0	0	1	0	0.858534746487289	0	0	0	0	0	0	0	0	0	0	0	0	0	0	0	0	0	0	0.845727806681442	0	0	0	0	0	0	0	0
 g__Bullera	0	0	0	0	0	0	0	0	0	0	0	0	0	0	0	0	0	0	0	0	0	0	0	0	0	0	0	0	0	0	0	0	0	0	0	0	0	0	0	0	0	0	0	0	0	0	0	0	0	0	0	0	0	0	0	0	0	0
 g__Cercophora	0	0	0	0	0	0	0	0	0	0	0	0	0	0	0	0	0	0	0	0	0	0	0	0	0	0	0	0	0	0	0	0	0	0	0	0	0	0	0	0	0	0	0	0	0	0	0	0	0	0	0	0	0	0	0	0	0	0
 g__Cercospora	0	0	0	0.907819613659338	0	0	0	0	0.999996916732398	0	0	1	0	0	0	0	0	0	0	0	0	0	0	0.999859586410856	0	0	0	0	0.999996916732398	0	0.858055478141307	0	0	0	0	0	0	0	0	0	0	0	0	0	0	0	0	0	0	0.845229188627132	0	0	0	0	0	0	0	0
 g__Cladorrhinum	0	0	0	0	0	0	0	0	0	0	0	0	0	0	0	0	0	0	0	0	0	0	0	0	0	0	0	0	0	0	0	0	0	0	0	0	0	0	0	0	0	0	0	0	0	0	0	0	0	0	0	0	0	0	0	0	0	0
 g__Cladosporium	0	0	0	0	0	0	0	0	0	0	0	0	0	1	0	0	0	0	0	0	0	0	0	0	0	0	0	0	0	0	0	0	0	0	0	0	0	0	0	0	0	0	0	0	0.967570838650281	0	0	0	0	0	0	0	0	0	0	0	0	0
 g__Cosmospora	0.866805511757961	0	1	0	1	0.99425790836995	0	0	0	0	0	0	0	0	1	0	0	1	0	0	0	0.988872757056622	1	0	0	0	0	0	0	0	0	0	0	0	0	0	0	0	0	1	0	0	0	0	0	0	0	0	0	0	0	0	0	1	0	0	1	0
 g__Cutaneotrichosporon	0	0	0	0	0	0	0	-0.848138728240258	0	0	0	0	0	0	0	1	0.919567852613542	0	0	0	0	0	0	0	0	0	0.919567852613542	0.919567852613542	0	0	0	0	0	0	0	0	0	0.919567852613542	0	0	0	0	0	0	0	0	0	0.919567852613542	0	0	0	0	0	0	0	0	0	0
 g__Devriesia	0	0	0	0	0	0	0	0	0	0	0	0	0	0	0	0.919567852613542	1	0	0	0	0	0	0	0	0	0	1	1	0	0	0	0	0	0	0	0	0	1	0	0	0	0	0	0	0	0	0	1	0	0	0	0	0	0	0	0	0	0
 g__Dissoconium	0.866805511757961	0	1	0	1	0.99425790836995	0	0	0	0	0	0	0	0	1	0	0	1	0	0	0	0.988872757056622	1	0	0	0	0	0	0	0	0	0	0	0	0	0	0	0	0	1	0	0	0	0	0	0	0	0	0	0	0	0	0	1	0	0	1	0
 g__Emericellopsis	0	0	0	0	0	0	0	0	0	0	0	0	0	0	0	0	0	0	0	0	0	0	0	0	0	0	0	0	0	0	0	0	0	0	0	0	0	0	0	0	0	0	0	0	0	0	0	0	0	0	0	0	0	0	0	0	0	0
 g__Epichloe	0	0	0	0	0	0	0.999029243603905	0	0	0	0	0	0	0	0	0	0	0	0	1	1	0	0	0	0	0	0	0	0	0	0	0	0	0	0	0	0	0	0	0	1	0	0	0	0	0.934746827513885	0	0	0	0	0	0	0	0	0	0	0	0
 g__Exophiala	0	0	0	0	0	0	0.999029243603905	0	0	0	0	0	0	0	0	0	0	0	0	1	1	0	0	0	0	0	0	0	0	0	0	0	0	0	0	0	0	0	0	0	1	0	0	0	0	0.934746827513885	0	0	0	0	0	0	0	0	0	0	0	0
 g__Filobasidium	0.928661194064189	0	0.988872757056622	0	0.988872757056622	0.979214742888971	0	0	0	0	0	0	0	0	0.988872757056622	0	0	0.988872757056622	0	0	0	1	0.988872757056622	0	0	0	0	0	0	0	0	0	0	0	0	0	0	0	0	0.988872757056622	0	0	0	0	0	0	0	0	0	0	0	0	0	0.988872757056622	0	0	0.988872757056622	0
 g__Fusariella	0.866805511757961	0	1	0	1	0.99425790836995	0	0	0	0	0	0	0	0	1	0	0	1	0	0	0	0.988872757056622	1	0	0	0	0	0	0	0	0	0	0	0	0	0	0	0	0	1	0	0	0	0	0	0	0	0	0	0	0	0	0	1	0	0	1	0
 g__Fusarium	0	0	0	0.90432848850217	0	0	0	0	0.999870770045813	0	0	0.999859586410856	0	0	0	0	0	0	0	0	0	0	0	1	0	0	0	0	0.999870770045813	0	0.854688694557326	0	0	0	0	0	0	0	0	0	0	0	0	0	0	0	0	0	0	0.841731463876427	0	0	0	0	0	0	0	0
 g__Golubevia	0	0	0	0	0	0	0	0	0	0	0	0	0	0	0	0	0	0	0	0	0	0	0	0	1	0	0	0	0	0	0	0	0	0	0	0	0	0	0	0	0	0	0	0	0	0	0	0	0	0	0	0	0	0	0	0	0	0
 g__Kurtzmaniella	0	0	0	0	0	0	0	0	0	0	0	0	0	0	0	0	0	0	0	0	0	0	0	0	0	1	0	0	0	0	0	0	0	0	0	0	0	0	0	0	0	0	0	0	0	0	0	0	0	0	0	0	0	0	0	0	0	0
 g__Kurtzmanomyces	0	0	0	0	0	0	0	0	0	0	0	0	0	0	0	0.919567852613542	1	0	0	0	0	0	0	0	0	0	1	1	0	0	0	0	0	0	0	0	0	1	0	0	0	0	0	0	0	0	0	1	0	0	0	0	0	0	0	0	0	0
 g__Leptosphaeria	0	0	0	0	0	0	0	0	0	0	0	0	0	0	0	0.919567852613542	1	0	0	0	0	0	0	0	0	0	1	1	0	0	0	0	0	0	0	0	0	1	0	0	0	0	0	0	0	0	0	1	0	0	0	0	0	0	0	0	0	0
 g__Malassezia	0	0	0	0.908125653259115	0	0	0	0	1	0	0	0.999996916732398	0	0	0	0	0	0	0	0	0	0	0	0.999870770045813	0	0	0	0	1	0	0.858534746487289	0	0	0	0	0	0	0	0	0	0	0	0	0	0	0	0	0	0	0.845727806681442	0	0	0	0	0	0	0	0
 g__Metarhizium	0	0	0	0	0	0	0	0	0	0	0	0	0	0	0	0	0	0	0	0	0	0	0	0	0	0	0	0	0	0	0	0	0	0	0	0	0	0	0	0	0	0	0	0	0	0	0	0	0	0	0	0	0	0	0	0	0	0
 g__Microcyclospora	0	0	0	0	0	0	0	0	0.858534746487289	0	0	0.858055478141307	0	0	0	0	0	0	0	0	0	0	0	0.854688694557326	0	0	0	0	0.858534746487289	0	1	0	0	0	0	0	0	0	0	0	0	0	0	0	0	0	0	0	0	0.999700439064475	0	0	0	0	0	0	0	0
 g__Mycenella	0	0	0	0	0	0	0	0	0	0	0	0	0	0	0	0	0	0	0	0	0	0	0	0	0	0	0	0	0	0	0	1	0	0.928927211497273	1	0.999997804211191	0	0	0	0	0	0	0	0	0	0	0	0	0	0	0	1	0	0	0	0	0	0
 g__Myrothecium	0	0	0	0	0	0	0	0	0	0	0	0	0	0	0	0	0	0	0	0	0	0	0	0	0	0	0	0	0	0	0	0	0	0	0	0	0	0	0	0	0	0	0	0	0	0	0	0	0	0	0	0	0	0	0	0	0	0
 g__Paraconiothyrium	0	0	0	0	0	0	0	0	0	0	0	0	0	0	0	0	0	0	0	0	0	0	0	0	0	0	0	0	0	0	0	0.928927211497273	0	1	0.928927211497273	0.928731190565906	0	0	0	0	0	0	0	0	0	0	0	0	0	0	0	0.928927211497273	0	0	0	0	0	0
 g__Penicillium	0	0	0	0	0	0	0	0	0	0	0	0	0	0	0	0	0	0	0	0	0	0	0	0	0	0	0	0	0	0	0	1	0	0.928927211497273	1	0.999997804211191	0	0	0	0	0	0	0	0	0	0	0	0	0	0	0	1	0	0	0	0	0	0
 g__Phoma	0	0	0	0	0	0	0	0	0	0	0	0	0	0	0	0	0	0	0	0	0	0	0	0	0	0	0	0	0	0	0	0.999997804211191	0	0.928731190565906	0.999997804211191	1	0	0	0	0	0	0	0	0	0	0	0	0	0	0	0	0.999997804211191	0	0	0	0	0	0
 g__Plectosphaerella	0	0	0	0	0	0	0	0	0	0	0	0	0	0	0	0	0	0	0	0	0	0	0	0	0	0	0	0	0	0	0	0	0	0	0	0	0	0	0	0	0	0	0	0	0	0	0	0	0	0	0	0	0	0	0	0	0	0
 g__Pochonia	0	0	0	0	0	0	0	0	0	0	0	0	0	0	0	0.919567852613542	1	0	0	0	0	0	0	0	0	0	1	1	0	0	0	0	0	0	0	0	0	1	0	0	0	0	0	0	0	0	0	1	0	0	0	0	0	0	0	0	0	0
 g__Pseudaleuria	0	0	0	0	0	0	0	0	0	0	0	0	0	0	0	0	0	0	0	0	0	0	0	0	0	0	0	0	0	0	0	0	0	0	0	0	0	0	0	0	0	0	0	0	0	0	0	0	0	0	0	0	0	0	0	0	0	0
 g__Pyrenophora	0.866805511757961	0	1	0	1	0.99425790836995	0	0	0	0	0	0	0	0	1	0	0	1	0	0	0	0.988872757056622	1	0	0	0	0	0	0	0	0	0	0	0	0	0	0	0	0	1	0	0	0	0	0	0	0	0	0	0	0	0	0	1	0	0	1	0
 g__Ramularia	0	0	0	0	0	0	0.999029243603905	0	0	0	0	0	0	0	0	0	0	0	0	1	1	0	0	0	0	0	0	0	0	0	0	0	0	0	0	0	0	0	0	0	1	0	0	0	0	0.934746827513885	0	0	0	0	0	0	0	0	0	0	0	0
 g__Rhodosporidiobolus	0	0	0	0	0	0	0	0	0	0	0	0	0	0	0	0	0	0	0	0	0	0	0	0	0	0	0	0	0	0	0	0	0	0	0	0	0	0	0	0	0	0	0	0	0	0	0	0	0	0	0	0	0	0	0	0	0	0
 g__Septoria	0	0	0	0	0	0	0	0	0	0	0	0	0	0	0	0	0	0	0	0	0	0	0	0	0	0	0	0	0	0	0	0	0	0	0	0	0	0	0	0	0	0	0	0	0	0	0	0	0	0	0	0	0	0	0	0	0	0
 g__Staphylotrichum	0	0	0	0	0	0	0	0	0	0	0	0	0	0	0	0	0	0	0	0	0	0	0	0	0	0	0	0	0	0	0	0	0	0	0	0	0	0	0	0	0	0	0	0	0	0	0	0	0	0	0	0	0	0	0	0	0	0
 g__Stemphylium	0	0	0	0	0	0	0	0	0	0	0	0	0	0.967570838650281	0	0	0	0	0	0	0	0	0	0	0	0	0	0	0	0	0	0	0	0	0	0	0	0	0	0	0	0	0	0	1	0	0	0	0	0	0	0	0	0	0	0	0	0
 g__Suillus	0	0	0	0	0	0	0.940746601751353	0	0	0	0	0	0	0	0	0	0	0	0	0.934746827513885	0.934746827513885	0	0	0	0	0	0	0	0	0	0	0	0	0	0	0	0	0	0	0	0.934746827513885	0	0	0	0	1	0	0	0	0	0	0	0	0	0	0	0	0
 g__Talaromyces	0	0	0	0	0	0	0	0	0	0	0	0	0	0	0	0	0	0	0	0	0	0	0	0	0	0	0	0	0	0	0	0	0	0	0	0	0	0	0	0	0	0	0	0	0	0	1	0	0	0	0	0	0	0	0	0	0	0
 g__Tomentella	0	0	0	0	0	0	0	0	0	0	0	0	0	0	0	0.919567852613542	1	0	0	0	0	0	0	0	0	0	1	1	0	0	0	0	0	0	0	0	0	1	0	0	0	0	0	0	0	0	0	1	0	0	0	0	0	0	0	0	0	0
 g__Trechispora	0	0	0	0	0	0	0	0	0	0	0	0	0	0	0	0	0	0	0	0	0	0	0	0	0	0	0	0	0	0	0	0	0	0	0	0	0	0	0	0	0	0	0	0	0	0	0	0	0	0	0	0	0	0	0	0	0	0
 g__Trichoderma	0	0	0	0	0	0	0	0	0.845727806681442	0	0	0.845229188627132	0	0	0	0	0	0	0	0	0	0	0	0.841731463876427	0	0	0	0	0.845727806681442	0	0.999700439064475	0	0	0	0	0	0	0	0	0	0	0	0	0	0	0	0	0	0	1	0	0	0	0	0	0	0	0
 g__Trichomerium	0	0	0	0	0	0	0	0	0	0	0	0	0	0	0	0	0	0	0	0	0	0	0	0	0	0	0	0	0	0	0	0	0	0	0	0	0	0	0	0	0	0	0	0	0	0	0	0	0	0	0	0	0	0	0	0	0	0
 g__Trichosporon	0	0	0	0	0	0	0	0	0	0	0	0	0	0	0	0	0	0	0	0	0	0	0	0	0	0	0	0	0	0	0	1	0	0.928927211497273	1	0.999997804211191	0	0	0	0	0	0	0	0	0	0	0	0	0	0	0	1	0	0	0	0	0	0
 g__unclassified	0	0	0	0	0	0	0	0	0	0	0	0	0	0	0	0	0	0	0	0	0	0	0	0	0	0	0	0	0	0	0	0	0	0	0	0	0	0	0	0	0	0	0	0	0	0	0	0	0	0	0	0	1	0	0	0	0	0
 g__Uwebraunia	0.866805511757961	0	1	0	1	0.99425790836995	0	0	0	0	0	0	0	0	1	0	0	1	0	0	0	0.988872757056622	1	0	0	0	0	0	0	0	0	0	0	0	0	0	0	0	0	1	0	0	0	0	0	0	0	0	0	0	0	0	0	1	0	0	1	0
 g__Vishniacozyma	0	0	0	0	0	0	0	0	0	0	0	0	0	0	0	0	0	0	0	0	0	0	0	0	0	0	0	0	0	0	0	0	0	0	0	0	0	0	0	0	0	0	0	0	0	0	0	0	0	0	0	0	0	0	0	0	0	0
 g__Wallemia	0	0	0	0	0	0	0	0	0	0	0	0	0	0	0	0	0	0	0	0	0	0	0	0	0	0	0	0	0	0	0	0	0	0	0	0	0	0	0	0	0	0	0	0	0	0	0	0	0	0	0	0	0	0	0	1	0	0
 g__Wojnowiciella	0.866805511757961	0	1	0	1	0.99425790836995	0	0	0	0	0	0	0	0	1	0	0	1	0	0	0	0.988872757056622	1	0	0	0	0	0	0	0	0	0	0	0	0	0	0	0	0	1	0	0	0	0	0	0	0	0	0	0	0	0	0	1	0	0	1	0
 g__Zasmidium	0	0	0	0	0	0	0	0	0	0	0	0	0	0	0	0	0	0	0	0	0	0	0	0	0	0	0	0	0	0	0	0	0	0	0	0	0	0	0	0	0	0	0	0	0	0	0	0	0	0	0	0	0	0	0	0	0	1
